
0000000000
0000000000
0000000000
0000000000
0000000000
0000000000
0000000000
0000000000
0000000000
0000000000

1000000000
0010000000
0001000010
0000000000
0000000000
0000000000
0000000000
0000000000
0000000000
0000000000

1100000000
0010000000
0001000010
0000100001
0000000000
0000000000
0000000000
0000000000
0000000000
0000000000

1110000000
0010000000
0001000010
0000100001
0000000000
0000000000
0000100000
0000100000
1000000100
0000000000

1111100000
0010000000
0001000010
0000100001
0000000000
0000000000
0000100000
0000100000
1000000100
0000000000

1111110000
0010000000
0001000010
0000000001
0000000000
0000000000
0000100000
0000100000
1000000100
0000000000

1111111000
0010000000
0001000010
0000000001
0000000000
0000000100
0000100000
0010100000
1000000100
0000000000

1111111101
0010001000
0001000010
0000000001
0000000000
0000000100
0000100000
0010100000
1000000100
0100010000

1111111111
0010001000
0001010010
0001000001
0000000000
0000000100
0000100000
0010100000
1000000100
0100010000

1111111111
1010001000
0001010010
0001000001
0000000000
0000000100
0001101000
0010100000
1000000100
0100010000

1111111111
1110001000
0001010010
0001000001
0000000000
0000000100
0001101000
0010100000
1000000100
0100010000

1111111111
1111001000
0001010010
0001100101
0000000000
0000000100
0001101000
0010100000
1000000100
0100010000

1111111111
1111101000
0001010010
0001100101
0000000000
0000000100
0001101000
0010100000
1000000100
0100010000

1111111111
1111111000
0001010010
0001100101
0000000000
0000000100
0001101000
0010100000
1000000100
0100010000

1111111111
1111111100
0101010000
0001100101
0000000000
0000000100
0001101000
0010100000
1000000100
0100010000

1111111111
1111111110
0101010000
0001100101
0001000000
0000010100
0000011000
0010100000
1000000100
0100010000

1111111111
1111111111
0101010000
0001100101
0001000000
0000010100
0000011000
0010100000
1000000100
0100011000

1111111111
1111111111
1101010000
0001100101
0001000000
0000010100
0000011000
0010100000
1000000100
0100011000

1111111111
1111111111
1111010000
0001100101
0001000000
0000010100
0000011000
0010100000
1000000100
0100011000

1111111111
1111111111
1111110000
0001100101
0001000000
0000010100
0000011000
0011100000
1000000100
0100011000

1111111111
1111111110
1111111000
0001100101
0001000000
0000010100
0000011000
0011100000
1000000100
0100011000

1111111111
1111111110
1111111100
0001100001
0000000000
0000010100
0000011000
0011100000
1000000100
0100011000

1111111111
1111111110
1111111110
0001100001
0000000000
0000010100
0000011000
0011100000
1000000100
0100011000

1111111101
1111111110
1111111111
0001100001
0000000000
0000010100
0000011000
0011100000
1000000100
0100011000

1111111101
1111111100
1111011111
1000100001
0000000000
0000010100
0000011000
0011100000
1000000100
0100011000

1111111101
1111111100
1111011111
1100100001
0000000000
0000010100
0000011000
1011100000
1000000100
0100011000

1111111101
1111111100
1111011111
1110100001
0000000000
0000010100
0000011000
1011100000
1000000100
0100011000

1111111101
1111111101
1011011111
1111100001
0000000000
0000010100
0000011000
1011100000
1000000100
0100011000

1111111101
1111111101
1011011111
1111110001
0000001010
0000010100
0000011001
1011100000
1000000100
0100011000

1111111101
1111111101
1011011111
1111111001
0000001010
0000010100
0000011001
1011100000
1000000100
0100010000

1111111101
1111111101
1011011111
1111111101
0000001010
0000010100
0000011001
1011100000
1000000100
0100010000

1111111101
1111111101
1011011111
1111111111
0000001000
0000010100
0000011001
1011100000
1000000100
0100010000

1111111101
1111111101
1011011111
1111111111
1000001000
0000010100
0000011001
1011100000
1000000100
0100010000

1011111101
1111111001
1011001111
1111111111
1100001000
0000010100
0000011001
1011100000
1000000100
0100010000

1011111101
1111111001
1011001111
1111111111
1110001100
0000010100
0000011001
1011100000
1000000100
0100010000

1011111101
1111111001
1011001111
1111111111
1111001100
0000010100
0000011001
1010100000
1000000110
0100010000

1011111101
1111111001
1011001111
1111111111
1111101100
0000010100
0000011001
1010100000
1000000110
0100010000

1011111101
1111111001
1011010111
1111010111
1111111100
0000010100
0000011001
1010100000
1000000110
0100010000

1011111101
1111111001
1011010111
1111010111
1111111110
0000010100
0000011001
1000100000
1000110110
0100010000

1011111001
1111111001
1011010111
1111010111
1111111111
0000010100
0000011001
1000100000
1000110111
0100010000

1011111001
1111111001
1011010111
1111010111
1111111111
1100010100
0000011001
1000100000
1000110111
0100010000
